1 1 32 32 18844054 0.1072171
1 16 32 32 18844054 0.06532081
1 32 32 32 18844054 0.05145081
1 64 32 32 18844054 0.04610491
1 128 32 32 18844054 0.03629941
16 1 32 32 18844054 0.04394511
16 16 32 32 18844054 0.06767381
16 32 32 32 18844054 0.03827231
16 64 32 32 18844054 0.03662051
16 128 32 32 18844054 0.03398631
32 1 32 32 18844054 0.04569341
32 16 32 32 18844054 0.03742231
32 32 32 32 18844054 0.04970921
32 64 32 32 18844054 0.03856261
32 1 32 32 18844054 0.06983
32 16 32 32 18844054 0.0676177
32 32 32 32 18844054 0.0568339
32 64 32 32 18844054 0.0595491
32 128 32 32 18844054 0.045831
64 1 32 32 18844054 0.0534127
64 16 32 32 18844054 0.0487696
64 32 32 32 18844054 0.0375317
64 64 32 32 18844054 0.0344553
64 128 32 32 18844054 0.0345717
128 1 32 32 18844054 0.0465338
128 16 32 32 18844054 0.0373168
128 32 32 32 18844054 0.0343917
128 64 32 32 18844054 0.033957
128 128 32 32 18844054 0.0328473
1 1 32 32 18844054 0.062529
1 16 32 32 18844054 0.0653148
1 32 32 32 18844054 0.0571529
1 64 32 32 18844054 0.096027
1 128 32 32 18844054 0.0394678
16 1 32 32 18844054 0.057954
16 16 32 32 18844054 0.0479026
16 32 32 32 18844054 0.0503473
16 64 32 32 18844054 0.0364595
16 128 32 32 18844054 0.0339455
32 1 32 32 18844054 0.053403
32 16 32 32 18844054 0.0373884
32 32 32 32 18844054 0.0370089
32 64 32 32 18844054 0.0294938
32 128 32 32 18844054 0.033612
64 1 32 32 18844054 0.0467716
64 16 32 32 18844054 0.0370679
64 32 32 32 18844054 0.0647417
64 64 32 32 18844054 0.0326727
64 128 32 32 18844054 0.0337695
128 1 32 32 18844054 0.059569
128 16 32 32 18844054 0.0357033
128 32 32 32 18844054 0.0607593
128 64 32 32 18844054 0.0378603
128 128 32 32 18844054 0.0331558
1 1 32 32 18844054 0.0473381
1 16 32 32 18844054 0.0353998
1 32 32 32 18844054 0.0377636
1 64 32 32 18844054 0.0371625
1 128 32 32 18844054 0.0333953
16 1 32 32 18844054 0.0478458
16 16 32 32 18844054 0.0472775
16 32 32 32 18844054 0.039529
16 64 32 32 18844054 0.0341705
16 128 32 32 18844054 0.0379544
32 1 32 32 18844054 0.0481178
32 16 32 32 18844054 0.0377505
32 32 32 32 18844054 0.102367
32 64 32 32 18844054 0.0334028
32 128 32 32 18844054 0.0336062
64 1 32 32 18844054 0.047232
64 16 32 32 18844054 0.0396164
64 32 32 32 18844054 0.0366416
64 64 32 32 18844054 0.0921418
64 128 32 32 18844054 0.0354694
128 1 32 32 18844054 0.0458413
128 16 32 32 18844054 0.0353505
128 32 32 32 18844054 0.037142
128 64 32 32 18844054 0.032595
128 128 32 32 18844054 0.0570033
256 32 32 32 18844054 0.06453
256 64 32 32 18844054 0.0570718
256 128 32 32 18844054 0.036277
256 256 32 32 18844054 0.0378169
256 512 32 32 18844054 0.0369971
256 1024 32 32 18844054 0.0388546
512 32 32 32 18844054 0.0402093
512 64 32 32 18844054 0.0403793
512 128 32 32 18844054 0.0391973
512 256 32 32 18844054 0.0326254
512 512 32 32 18844054 0.0359799
512 1024 32 32 18844054 0.0389939
1024 32 32 32 18844054 0.034587
1024 64 32 32 18844054 0.0399385
1024 128 32 32 18844054 0.0327556
1024 256 32 32 18844054 0.0328849
1024 512 32 32 18844054 0.035777
1024 1024 32 32 18844054 0.0389294
256 32 32 32 18844054 0.0387152
256 64 32 32 18844054 0.0323941
256 128 32 32 18844054 0.0333645
256 256 32 32 18844054 0.0386474
256 512 32 32 18844054 0.0366586
256 1024 32 32 18844054 0.0375733
512 32 32 32 18844054 0.0354379
512 64 32 32 18844054 0.0457583
512 128 32 32 18844054 0.0333883
512 256 32 32 18844054 0.0334242
512 512 32 32 18844054 0.0291829
512 1024 32 32 18844054 0.0386126
1024 32 32 32 18844054 0.056656
1024 64 32 32 18844054 0.0444572
1024 128 32 32 18844054 0.0342458
1024 256 32 32 18844054 0.0338271
1024 512 32 32 18844054 0.0362725
1024 1024 32 32 18844054 0.0387015
2048 128 32 32 18844054 0.0942035
4096 128 32 32 18844054 0.0774348
2048 128 32 32 18844054 0.0384874
4096 128 32 32 18844054 0.0364675
1 128 32 32 18844054 0.0692293
32 128 32 32 18844054 0.0486833
64 128 32 32 18844054 0.112163
128 128 32 32 18844054 0.0403429
512 128 32 32 18844054 0.0329116
1024 128 32 32 18844054 0.0311775
2048 128 32 32 18844054 0.0345304
4096 128 32 32 18844054 0.0341758
1 128 32 32 18844054 0.0377954
32 128 32 32 18844054 0.0341598
64 128 32 32 18844054 0.0626718
128 128 32 32 18844054 0.0339215
512 128 32 32 18844054 0.0326376
1024 128 32 32 18844054 0.0335738
2048 128 32 32 18844054 0.0331245
4096 128 32 32 18844054 0.0322521
