1 32 32 18844054 0.09194541
16 32 32 18844054 0.02249661
32 32 32 18844054 0.01100621
32 32 32 18844054 0.0968134
64 32 32 18844054 0.0228152
128 32 32 18844054 0.00949692
1 32 32 18844054 0.0455206
16 32 32 18844054 0.02761
32 32 32 18844054 0.0106371
64 32 32 18844054 0.011171
128 32 32 18844054 0.0132179
1 32 32 18844054 0.018484
16 32 32 18844054 0.0094294
32 32 32 18844054 0.00955088
64 32 32 18844054 0.0117054
128 32 32 18844054 0.0114535
512 32 32 18844054 0.0140229
1024 32 32 18844054 0.0214097
256 32 32 18844054 0.0114285
512 32 32 18844054 0.0151739
1024 32 32 18844054 0.0254086
2048 32 32 18844054 0.352269
4096 32 32 18844054 0.146909
2048 32 32 18844054 0.0469177
4096 32 32 18844054 0.0939894

