96 96 48 1 18844054 0.03778811
48 1 48 1 18844054 0.05905621
48 1 48 1 18844054 0.04742211
48 1 48 1 18844054 0.04886261
64 1 48 1 18844054 0.0483841
64 1 48 1 18844054 0.04792951
64 1 48 1 18844054 0.04469671
96 1 48 1 18844054 0.04809181
96 1 48 1 18844054 0.04667751
96 1 48 1 18844054 0.0477411
48 24 48 1 18844054 0.04139511
48 24 48 1 18844054 0.04145091
48 24 48 1 18844054 0.04216141
64 24 48 1 18844054 0.04321221
64 24 48 1 18844054 0.04094451
64 24 48 1 18844054 0.0420391
96 24 48 1 18844054 0.04063551
96 24 48 1 18844054 0.04046861
96 24 48 1 18844054 0.04040021
48 48 48 1 18844054 0.04139271
48 48 48 1 18844054 0.04066211
48 48 48 1 18844054 0.04102311
64 48 48 1 18844054 0.0410051
64 48 48 1 18844054 0.041531
64 48 48 1 18844054 0.04547731
96 48 48 1 18844054 0.03994521
96 48 48 1 18844054 0.04162061
96 48 48 1 18844054 0.04053041
48 64 48 1 18844054 0.03610621
48 64 48 1 18844054 0.03653061
48 64 48 1 18844054 0.03658561
64 64 48 1 18844054 0.03564781
64 64 48 1 18844054 0.03796761
64 64 48 1 18844054 0.03538971
96 64 48 1 18844054 0.0361381
96 64 48 1 18844054 0.03710511
96 64 48 1 18844054 0.03534741
48 96 48 1 18844054 0.04041931
48 96 48 1 18844054 0.03562991
48 96 48 1 18844054 0.03878121
64 96 48 1 18844054 0.04199691
64 96 48 1 18844054 0.04076491
64 96 48 1 18844054 0.04037091
96 96 48 1 18844054 0.0373641
96 96 48 1 18844054 0.0360611
96 96 48 1 18844054 0.04004931